1 -0.6573922038078308 0.012390516698360443 0.008494573645293713 0.004904269706457853 0.0961332842707634 0.0014326050877571106 0.9953553676605225
2 -0.6344026923179626 0.011302979663014412 0.00914783589541912 0.004895038902759552 0.0930711030960083 0.0017140853451564908 0.9956459403038025
3 -0.6123595237731934 0.011123803444206715 0.010175863280892372 0.004777390975505114 0.08975856006145477 0.0020905891433358192 0.995949923992157
4 -0.5879218578338623 0.012219035997986794 0.009376526810228825 0.00491682905703783 0.08654918521642685 0.0016953271115198731 0.9962339997291565
5 -0.5633967518806458 0.014097537845373154 0.01106245443224907 0.005069177597761154 0.08325448632240295 0.0015024899039417505 0.9965142607688904
6 -0.5403131246566772 0.013153335079550743 0.009663362056016922 0.005322071257978678 0.07998789846897125 0.0024452037177979946 0.9967786073684692
7 -0.5148055553436279 0.012129370123147964 0.009397808462381363 0.004842058755457401 0.07662507891654968 0.0017699900781735778 0.9970466494560242
8 -0.49142369627952576 0.012653153389692307 0.009200512431561947 0.005169345997273922 0.07361400127410889 0.0016985333058983088 0.9972719550132751
9 -0.46701347827911377 0.014228490181267262 0.010705183260142803 0.005013050511479378 0.07047366350889206 0.001454179990105331 0.9975000023841858
10 -0.4482603371143341 0.013367136009037495 0.008572373539209366 0.004862269386649132 0.06764538586139679 0.0014524837024509907 0.9976965188980103
11 -0.44118791818618774 0.013405419886112213 0.010235581547021866 0.005217510741204023 0.0669461339712143 0.0015743757830932736 0.99774169921875
12 -0.4203903377056122 0.015063364058732986 0.010150304064154625 0.005133070517331362 0.0642353743314743 0.0009651550790295005 0.9979211688041687
13 -0.39560890197753906 0.012796630151569843 0.010699383914470673 0.005276357755064964 0.061261825263500214 0.002173459157347679 0.9981054067611694
14 -0.3734583556652069 0.014134224504232407 0.009365002624690533 0.005269900429993868 0.058045100420713425 0.001888507162220776 0.9982982873916626
15 -0.3497914671897888 0.01392455119639635 0.012360946275293827 0.00509679364040494 0.054905056953430176 0.0017769255209714174 0.998477041721344
16 -0.3269425630569458 0.015265422873198986 0.010728785768151283 0.005432183854281902 0.05146558955311775 0.0014362569199874997 0.9986589550971985
17 -0.30118781328201294 0.014728446491062641 0.011224227026104927 0.004886111710220575 0.048026543110609055 0.001589125720784068 0.9988328218460083
18 -0.2790118455886841 0.014532612636685371 0.00995005015283823 0.005113804247230291 0.04512866213917732 0.0011756489984691143 0.9989674091339111
19 -0.25373268127441406 0.014104138128459454 0.010471922345459461 0.006264655385166407 0.0417441725730896 0.00017550484335515648 0.9991086721420288
20 -0.2302737534046173 0.014386038295924664 0.014634935185313225 0.005105014890432358 0.03856467828154564 0.001555667957291007 0.999241828918457
21 -0.20768800377845764 0.014768006280064583 0.009654311463236809 0.004996882751584053 0.035631950944662094 0.0013837763108313084 0.9993515014648438
22 -0.18357010185718536 0.015461084432899952 0.010774148628115654 0.005344361998140812 0.032580554485321045 0.0014607103075832129 0.9994537234306335
23 -0.16000084578990936 0.014491972513496876 0.010369349271059036 0.005161833483725786 0.02918247878551483 0.0016064663650467992 0.9995594620704651
24 -0.13543839752674103 0.01572694070637226 0.010451923124492168 0.005307679530233145 0.02610946260392666 0.0013718710979446769 0.9996440410614014
25 -0.11256813257932663 0.0145895229652524 0.009944294579327106 0.005005365703254938 0.022949539124965668 0.00170815025921911 0.9997225999832153
26 -0.08754117041826248 0.01574978232383728 0.00999543722718954 0.005343603435903788 0.019986283034086227 0.0017284681089222431 0.999784529209137
27 -0.0648999810218811 0.015688085928559303 0.010965575464069843 0.005230493377894163 0.016507122665643692 0.0013553923927247524 0.9998491406440735
28 -0.04142625629901886 0.015479901805520058 0.00956256128847599 0.00640083709731698 0.013058866374194622 0.0015735772904008627 0.9998930096626282
29 -0.016984079033136368 0.016131330281496048 0.010141158476471901 0.005345097742974758 0.010247885249555111 0.0011514320503920317 0.9999325275421143
30 0.0060270726680755615 0.016099095344543457 0.00973493978381157 0.0051861112006008625 0.007029897533357143 0.001370531041175127 0.9999608993530273
31 0.02626962959766388 0.01539511326700449 0.010601349174976349 0.005169043317437172 0.004263146780431271 0.0009785289876163006 0.9999770522117615
32 0.03279951214790344 0.016056062653660774 0.009313338436186314 0.0052894772961735725 0.0034374427050352097 0.0014439707156270742 0.9999790191650391
33 0.05323440954089165 0.01603044383227825 0.009474994614720345 0.005141241475939751 0.0006450283690355718 0.001309276674874127 0.9999856948852539
34 0.07744539529085159 0.016029097139835358 0.010364930145442486 0.005418778397142887 -0.0023700473830103874 0.001191403018310666 0.9999818205833435
35 0.10055088251829147 0.016268737614154816 0.008739765733480453 0.005335817113518715 -0.005523073952645063 0.001037954236380756 0.9999699592590332
36 0.12530305981636047 0.015475226566195488 0.009228687733411789 0.00536153931170702 -0.008755415678024292 0.0005245363572612405 0.999947190284729
37 0.14655520021915436 0.016313405707478523 0.008813653141260147 0.005566466134041548 -0.012415987439453602 0.0010434910655021667 0.9999068975448608
38 0.17160917818546295 0.016676871106028557 0.007507302798330784 0.0053686960600316525 -0.015082021243870258 0.0012923957547172904 0.999871015548706
39 0.19502884149551392 0.016149863600730896 0.008891497738659382 0.005281717050820589 -0.018416455015540123 0.0009188132826238871 0.9998160004615784
40 0.21899917721748352 0.01647624559700489 0.01061862614005804 0.005511023569852114 -0.02154599130153656 0.0012493320973590016 0.9997518658638
41 0.24366998672485352 0.017166804522275925 0.006874651648104191 0.005503309890627861 -0.02477492392063141 0.0010221339762210846 0.9996774196624756
42 0.2652488648891449 0.01732105016708374 0.008470810949802399 0.005435290280729532 -0.02782846800982952 0.0012114116689190269 0.9995972514152527
43 0.2887542247772217 0.017415404319763184 0.006349529605358839 0.0053621986880898476 -0.031203007325530052 0.0008976729586720467 0.9994982481002808
44 0.312580943107605 0.018174489960074425 0.007871713489294052 0.005624152719974518 -0.03399444371461868 0.0009074125555343926 0.9994058012962341
45 0.336718887090683 0.018396342173218727 0.006275610066950321 0.005520522128790617 -0.037203915417194366 0.001079646055586636 0.9992918968200684
46 0.359135240316391 0.017967144027352333 0.008159974589943886 0.005534019786864519 -0.04056213051080704 0.0006769163883291185 0.9991614818572998
47 0.38423988223075867 0.017119070515036583 0.0059183440171182156 0.005560928490012884 -0.043592557311058044 0.0005299973418004811 0.9990338087081909
48 0.4065163731575012 0.01779264025390148 0.006634008139371872 0.005456995684653521 -0.046949755400419235 0.001113203470595181 0.9988817572593689
49 0.42995360493659973 0.01728045754134655 0.004483734257519245 0.005581740289926529 -0.049547597765922546 0.0009488437790423632 0.9987557530403137
50 0.45461514592170715 0.016666583716869354 0.0038757710717618465 0.005332918372005224 -0.05329363793134689 0.000787003489676863 0.9985643625259399
51 0.47566667199134827 0.018309004604816437 0.002664916217327118 0.005636721383780241 -0.056320469826459885 0.0007263439474627376 0.9983965754508972
52 0.49682196974754333 0.01625235378742218 0.004626606125384569 0.005515274591743946 -0.0589163675904274 0.0004162109107710421 0.9982476234436035
53 0.505707323551178 0.017286943271756172 0.0037561687640845776 0.005435931961983442 -0.05993305519223213 0.0008648062939755619 0.9981871843338013
54 0.5234070420265198 0.017860395833849907 0.002535745035856962 0.005442080553621054 -0.06244349107146263 0.0009320697281509638 0.9980332255363464
55 0.5478010773658752 0.017145030200481415 0.002180318348109722 0.005560845136642456 -0.06592096388339996 0.0004325040499679744 0.9978092312812805
56 0.5693895220756531 0.017387086525559425 0.0030994070693850517 0.005456895101815462 -0.06884541362524033 0.0006528023513965309 0.9976122379302979
57 0.5923761129379272 0.01685359515249729 0.003994829952716827 0.005473016761243343 -0.07206524908542633 0.0002865387941710651 0.9973849058151245
58 0.6152564883232117 0.01691126450896263 0.004679049365222454 0.005246852990239859 -0.07498681545257568 0.00016480882186442614 0.9971706867218018
59 0.6386035084724426 0.017534872516989708 0.003147306852042675 0.0050918785855174065 -0.07786650955677032 0.000651759619358927 0.9969505667686462
60 0.6623122692108154 0.01663031056523323 0.0010688435286283493 0.005318706389516592 -0.08154822885990143 0.0006723194965161383 0.9966549873352051