1 -0.6584988832473755 0.0 -0.004094362258911133 0.0 0.09166456758975983 0.0 0.9957899451255798
2 -0.6350446939468384 0.0 -0.003948569297790527 0.0 0.08840537071228027 0.0 0.9960845708847046
3 -0.6115809082984924 0.0 -0.003802657127380371 0.0 0.08514522016048431 0.0 0.9963685274124146
4 -0.5881078839302063 0.0 -0.003656744956970215 0.0 0.08188416808843613 0.0 0.9966418147087097
5 -0.5646275281906128 0.0 -0.003510713577270508 0.0 0.07862222194671631 0.0 0.9969044923782349
6 -0.5411409735679626 0.0 -0.0033646821975708008 0.0 0.07535944133996964 0.0 0.9971564412117004
7 -0.5176489353179932 0.0 -0.0032186508178710938 0.0 0.07209587097167969 0.0 0.9973977208137512
8 -0.49415355920791626 0.0 -0.003072500228881836 0.0 0.06883151084184647 0.0 0.9976282715797424
9 -0.47065600752830505 0.0 -0.002926468849182129 0.0 0.06556641310453415 0.0 0.9978482127189636
10 -0.45107340812683105 0.0 -0.0028046369552612305 0.0 0.06284495443105698 0.0 0.9980233311653137
11 -0.443240225315094 0.0 -0.0027559995651245117 0.0 0.061756253242492676 0.0 0.9980912208557129
12 -0.42365726828575134 0.0 -0.0026341676712036133 0.0 0.05903415381908417 0.0 0.9982559680938721
13 -0.40015771985054016 0.0 -0.0024881362915039062 0.0 0.05576705560088158 0.0 0.9984438419342041
14 -0.376658171415329 0.0 -0.0023419857025146484 0.0 0.05249936506152153 0.0 0.9986209869384766
15 -0.3531585931777954 0.0 -0.0021958351135253906 0.0 0.049231112003326416 0.0 0.9987874627113342
16 -0.3296590745449066 0.0 -0.0020498037338256836 0.0 0.04596232995390892 0.0 0.9989432096481323
17 -0.30615952610969543 0.0 -0.0019036531448364258 0.0 0.04269305616617203 0.0 0.9990882277488708
18 -0.28265997767448425 0.0 -0.001757502555847168 0.0 0.03942332789301872 0.0 0.9992225766181946
19 -0.25916042923927307 0.0 -0.0016113519668579102 0.0 0.03615317493677139 0.0 0.9993462562561035
20 -0.2356608808040619 0.0 -0.0014653205871582031 0.0 0.032882630825042725 0.0 0.9994592666625977
21 -0.21216131746768951 0.0 -0.0013191699981689453 0.0 0.029611734673380852 0.0 0.9995614886283875
22 -0.18866178393363953 0.0 -0.0011730194091796875 0.0 0.026340529322624207 0.0 0.9996530413627625
23 -0.16516222059726715 0.0 -0.0010269880294799805 0.0 0.02306903526186943 0.0 0.9997338652610779
24 -0.14166268706321716 0.0 -0.0008808374404907227 0.0 0.019797297194600105 0.0 0.9998040199279785
25 -0.11816313862800598 0.0 -0.0007346868515014648 0.0 0.016525346785783768 0.0 0.9998634457588196
26 -0.0946635901927948 0.0 -0.0005886554718017578 0.0 0.013253217563033104 0.0 0.9999121427536011
27 -0.07116404175758362 0.0 -0.0004425048828125 0.0 0.009980947710573673 0.0 0.9999501705169678
28 -0.04766450077295303 0.0 -0.0002963542938232422 0.0 0.0067085702903568745 0.0 0.9999774694442749
29 -0.024164952337741852 0.0 -0.00015020370483398438 0.0 0.0034361216239631176 0.0 0.9999940991401672
30 -0.0006654076278209686 0.0 -4.172325134277344e-06 0.0 0.00016363593749701977 0.0 1.0
31 0.018917545676231384 0.0 0.0001176595687866211 0.0 -0.0025634383782744408 0.0 0.9999967217445374
32 0.02675069496035576 0.0 0.00016635656356811523 0.0 -0.0036542636808007956 0.0 0.9999933242797852
33 0.04633326828479767 0.0 0.0002880692481994629 0.0 -0.0063813054002821445 0.0 0.9999796152114868
34 0.06983113288879395 0.0 0.0004342198371887207 0.0 -0.009653691202402115 0.0 0.9999533891677856
35 0.09332653880119324 0.0 0.0005803108215332031 0.0 -0.012925973162055016 0.0 0.9999164342880249
36 0.11681818217039108 0.0 0.0007263422012329102 0.0 -0.016198119148612022 0.0 0.9998688101768494
37 0.1403048187494278 0.0 0.0008723735809326172 0.0 -0.019470086321234703 0.0 0.9998104572296143
38 0.16378524899482727 0.0 0.0010184049606323242 0.0 -0.022741850465536118 0.0 0.9997413754463196
39 0.1872583031654358 0.0 0.0011643171310424805 0.0 -0.026013372465968132 0.0 0.9996615648269653
40 0.21072199940681458 0.0 0.0013102293014526367 0.0 -0.029284609481692314 0.0 0.9995710849761963
41 0.23417621850967407 0.0 0.0014560818672180176 0.0 -0.032555535435676575 0.0 0.9994699954986572
42 0.2576194405555725 0.0 0.0016018152236938477 0.0 -0.03582610934972763 0.0 0.999358057975769
43 0.28104981780052185 0.0 0.0017474889755249023 0.0 -0.03909630700945854 0.0 0.9992354512214661
44 0.3044661581516266 0.0 0.0018931031227111816 0.0 -0.04236608371138573 0.0 0.9991021752357483
45 0.3278675675392151 0.0 0.00203859806060791 0.0 -0.0456354059278965 0.0 0.998958170413971
46 0.351252943277359 0.0 0.0021840333938598633 0.0 -0.04890423268079758 0.0 0.9988034963607788
47 0.3746211528778076 0.0 0.0023292899131774902 0.0 -0.052172549068927765 0.0 0.9986380338668823
48 0.39797037839889526 0.0 0.002474486827850342 0.0 -0.05544029176235199 0.0 0.9984620213508606
49 0.4212990999221802 0.0 0.0026195645332336426 0.0 -0.058707453310489655 0.0 0.9982752203941345
50 0.444607138633728 0.0 0.002764463424682617 0.0 -0.06197397783398628 0.0 0.9980777502059937
51 0.46789252758026123 0.0 0.002909243106842041 0.0 -0.06523983925580978 0.0 0.997869610786438
52 0.4872811436653137 0.0 0.0030298233032226562 0.0 -0.06796085834503174 0.0 0.9976879954338074
53 0.4950309991836548 0.0 0.003077983856201172 0.0 -0.06904912739992142 0.0 0.997613251209259
54 0.5143919587135315 0.0 0.003198385238647461 0.0 -0.07176943868398666 0.0 0.9974212646484375
55 0.5376076698303223 0.0 0.003342747688293457 0.0 -0.07503311336040497 0.0 0.9971809983253479
56 0.5608029365539551 0.0 0.003486931324005127 0.0 -0.07829596847295761 0.0 0.9969301819801331
57 0.5839807987213135 0.0 0.0036310553550720215 0.0 -0.0815579816699028 0.0 0.9966686367988586
58 0.6071437001228333 0.0 0.0037751197814941406 0.0 -0.08481913805007935 0.0 0.9963963627815247
59 0.6302939057350159 0.0 0.003919064998626709 0.0 -0.08807937800884247 0.0 0.9961134791374207
60 0.6534346342086792 0.0 0.004062950611114502 0.0 -0.09133867174386978 0.0 0.9958198666572571